5
1 2 3 2 15
1 2 3 2 15
1 2 3 2 15
1 2 3 2 15
1 2 3 2 15
1 2 3 2 15
1 2 3 2 15
1 2 3 2 15
1 2 3 2 15
1 2 3 2 15
1 2 3 2 15
1 2 3 2 15
1 2 3 2 15
1 2 3 2 15
1 2 3 2 15
1 2 3 2 15
1 2 3 2 15
1 2 3 2 15
1 2 3 2 15
1 2 3 2 15
1 2 3 2 15
1 2 3 2 15
1 2 3 2 15
1 2 3 2 15
1 2 3 2 15
1 2 3 2 15
1 2 3 2 15
1 2 3 2 15
1 2 3 2 15
1 2 3 2 15
1 2 3 2 15
1 2 3 2 15
1 2 3 2 15
1 2 3 2 15
1 2 3 2 15
1 2 3 2 15
1 2 3 2 15
1 2 3 2 15
1 2 3 2 15
1 2 3 2 15
1 2 3 2 15
1 2 3 2 15
1 2 3 2 15
1 2 3 2 15
1 2 3 2 15
1 2 3 2 15
1 2 3 2 15
1 2 3 2 15
1 2 3 2 15
1 2 3 2 15
1 2 3 2 15
1 2 3 2 15
1 2 3 2 15
1 2 3 2 15
1 2 3 2 1
